0,273
0,270
3,2
3,1
3,3
10,251
10,123
10,11
10,217
10,171
10,303
10,33
10,193
10,3
11,11
11,9
11,15
11,19
11,7
11,2
11,3
9,5
8,9
8,5
8,14
8,7
157,4
157,3
157,2
157,1
157,0
156,5
156,4
156,3
156,2
156,1
156,0
154,5
154,4
154,3
154,2
154,1
154,0
116,4
116,3
116,2
116,1
116,0
111,5
111,4
111,3
111,2
111,1
111,0
109,3
109,2
109,1
109,0
108,4
108,3
108,2
108,1
108,0
106,3
106,2
106,1
106,0
20,3
20,2
20,1
19,3
19,2
19,1
18,3
18,1
17,3
2,2
17,2
2,1
17,1
16,3
2,3
16,2
16,1
15,3
15,2
15,1
14,3
14,2
14,1
13,3
13,2
13,1
12,3
12,2
12,1
11,29
11,20
11,18
11,10
11,1
11,4
10,172
10,170
10,152
10,114
10,96
10,34
10,1
10,22
10,2
9,7
9,6
